10.1 10.1 7.19869e-10
10.2 10.2 9.93701e-10
10.3 10.3 1.36687e-09
10.4 10.4 1.87357e-09
10.5 10.5 2.55906e-09
10.6 10.6 3.48305e-09
10.7 10.7 4.724e-09
10.8 10.8 6.38454e-09
10.9 10.9 8.59841e-09
11 11 1.15392e-08
11.1 11.1 1.54314e-08
11.2 11.2 2.05637e-08
11.3 11.3 2.73066e-08
11.4 11.4 3.6133e-08
11.5 11.5 4.76442e-08
11.6 11.6 6.26016e-08
11.7 11.7 8.19653e-08
11.8 11.8 1.06941e-07
11.9 11.9 1.39036e-07
12 12 1.80128e-07
12.1 12.1 2.32543e-07
12.2 12.2 2.99155e-07
12.3 12.3 3.83493e-07
12.4 12.4 4.89879e-07
12.5 12.5 6.23576e-07
12.6 12.6 7.90969e-07
12.7 12.7 9.99768e-07
12.8 12.8 1.25924e-06
12.9 12.9 1.58047e-06
13 13 1.97667e-06
13.1 13.1 2.4635e-06
13.2 13.2 3.05942e-06
13.3 13.3 3.78613e-06
13.4 13.4 4.66898e-06
13.5 13.5 5.73743e-06
13.6 13.6 7.02558e-06
13.7 13.7 8.57268e-06
13.8 13.8 1.04237e-05
13.9 13.9 1.26297e-05
14 14 1.52489e-05
14.1 14.1 1.83464e-05
14.2 14.2 2.19954e-05
14.3 14.3 2.62774e-05
14.4 14.4 3.12827e-05
14.5 14.5 3.71103e-05
14.6 14.6 4.38687e-05
14.7 14.7 5.16755e-05
14.8 14.8 6.06574e-05
14.9 14.9 7.095e-05
15 15 8.26972e-05
15.1 15.1 9.60503e-05
15.2 15.2 0.000111167
15.3 15.3 0.000128211
15.4 15.4 0.000147347
15.5 15.5 0.000168744
15.6 15.6 0.000192568
15.7 15.7 0.000218984
15.8 15.8 0.000248147
15.9 15.9 0.000280206
16 16 0.000315293
16.1 16.1 0.000353528
16.2 16.2 0.000395007
16.3 16.3 0.000439801
16.4 16.4 0.000487956
16.5 16.5 0.000539483
16.6 16.6 0.000594359
16.7 16.7 0.000652521
16.8 16.8 0.000713865
16.9 16.9 0.000778243
17 17 0.000845463
17.1 17.1 0.000915283
17.2 17.2 0.00098742
17.3 17.3 0.00106154
17.4 17.4 0.00113728
17.5 17.5 0.0012919
17.6 17.6 0.00136987
17.7 17.7 0.00144762
17.8 17.8 0.00152465
17.9 17.9 0.00160044
18 18 0.00167451
18.1 18.1 0.00174637
18.2 18.2 0.00181557
18.3 18.3 0.00188174
18.4 18.4 0.00194454
18.5 18.5 0.00200375
18.6 18.6 0.00205921
18.7 18.7 0.00211093
18.8 18.8 0.00215901
18.9 18.9 0.00220374
19 19 0.00224557
19.1 19.1 0.00228515
19.2 19.2 0.00232333
19.3 19.3 0.00236121
19.4 19.4 0.0024001
19.5 19.5 0.00244159
19.6 19.6 0.00248755
19.7 19.7 0.00254008
19.8 19.8 0.00260161
19.9 19.9 0.00267484
20 20 0.00276273
20.1 20.1 0.00286855
20.2 20.2 0.00299581
20.3 20.3 0.00314827
20.4 20.4 0.00332991
20.5 20.5 0.00354489
20.6 20.6 0.00379751
20.7 20.7 0.00409217
20.8 20.8 0.0044333
20.9 20.9 0.0048253
21 21 0.00527246
21.1 21.1 0.00577888
21.2 21.2 0.00634839
21.3 21.3 0.00698441
21.4 21.4 0.00768991
21.5 21.5 0.00846726
21.6 21.6 0.00931814
21.7 21.7 0.0102434
21.8 21.8 0.0112431
21.9 21.9 0.0123162
22 22 0.0134607
22.1 22.1 0.0146732
22.2 22.2 0.0159495
22.3 22.3 0.0172839
22.4 22.4 0.0186694
22.5 22.5 0.020098
22.6 22.6 0.0215605
22.7 22.7 0.0230463
22.8 22.8 0.0245441
22.9 22.9 0.0260414
23 23 0.0275252
23.1 23.1 0.0289817
23.2 23.2 0.0303969
23.3 23.3 0.0317564
23.4 23.4 0.0330462
23.5 23.5 0.0342521
23.6 23.6 0.0353609
23.7 23.7 0.0363598
23.8 23.8 0.0372373
23.9 23.9 0.0379828
24 24 0.0385875
24.1 24.1 0.0390439
24.2 24.2 0.0393463
24.3 24.3 0.0394909
24.4 24.4 0.0394759
24.5 24.5 0.0393012
24.6 24.6 0.0389688
24.7 24.7 0.0384828
24.8 24.8 0.0378488
24.9 24.9 0.0370744
25 25 0.0361686
25.1 25.1 0.0351418
25.2 25.2 0.0340056
25.3 25.3 0.0327726
25.4 25.4 0.0314562
25.5 25.5 0.0300701
25.6 25.6 0.0286284
25.7 25.7 0.0271452
25.8 25.8 0.0256344
25.9 25.9 0.0241094
26 26 0.022583
26.1 26.1 0.0210674
26.2 26.2 0.0195737
26.3 26.3 0.018112
26.4 26.4 0.0166915
26.5 26.5 0.0153199
26.6 26.6 0.0140039
26.7 26.7 0.012749
26.8 26.8 0.0115594
26.9 26.9 0.0104383
27 27 0.00938757
27.1 27.1 0.00840836
27.2 27.2 0.0075007
27.3 27.3 0.00666384
27.4 27.4 0.00589631
27.5 27.5 0.005196
27.6 27.6 0.00456026
27.7 27.7 0.00398604
27.8 27.8 0.00346998
27.9 27.9 0.00300845
28 28 0.0025977
28.1 28.1 0.00223391
28.2 28.2 0.00191325
28.3 28.3 0.00163193
28.4 28.4 0.0013863
28.5 28.5 0.00117283
28.6 28.6 0.000988153
28.7 28.7 0.000829128
28.8 28.8 0.000692811
28.9 28.9 0.000576485
29 29 0.000477663
29.1 29.1 0.000394082
29.2 29.2 0.000323701
29.3 29.3 0.000264694
29.4 29.4 0.000215439
29.5 29.5 0.000174504
29.6 29.6 0.000140637
29.7 29.7 0.000112753
29.8 29.8 8.99163e-05
29.9 29.9 7.1333e-05
30 30 5.63346e-05
30.1 30.1 4.43677e-05
30.2 30.2 3.49839e-05
30.3 30.3 2.783e-05
30.4 30.4 2.26399e-05
30.5 30.5 1.92273e-05
30.6 30.6 1.74795e-05
30.7 30.7 1.73523e-05
30.8 30.8 1.88649e-05
30.9 30.9 2.2096e-05
31 31 2.71792e-05
31.1 31.1 3.4299e-05
31.2 31.2 4.36852e-05
31.3 31.3 5.56082e-05
31.4 31.4 7.03712e-05
31.5 31.5 8.83027e-05
31.6 31.6 0.000109746
31.7 31.7 0.000135049
31.8 31.8 0.000164549
31.9 31.9 0.000198561
32 32 0.000237358
32.1 32.1 0.000281155
32.2 32.2 0.000330093
32.3 32.3 0.000384221
32.4 32.4 0.000443476
32.5 32.5 0.000507673
32.6 32.6 0.000576487
32.7 32.7 0.000649451
32.8 32.8 0.000725946
32.9 32.9 0.000805205
33 33 0.000886317
33.1 33.1 0.000968241
33.2 33.2 0.00104983
33.3 33.3 0.00112983
33.4 33.4 0.00120695
33.5 33.5 0.00127987
33.6 33.6 0.00134728
33.7 33.7 0.00140791
33.8 33.8 0.0014606
33.9 33.9 0.0015043
34 34 0.00153814
34.1 34.1 0.00156142
34.2 34.2 0.00157368
34.3 34.3 0.00157466
34.4 34.4 0.00156437
34.5 34.5 0.00154304
34.6 34.6 0.00151114
34.7 34.7 0.00146935
34.8 34.8 0.00141855
34.9 34.9 0.00135975
35 35 0.00129412
35.1 35.1 0.00122291
35.2 35.2 0.00114741
35.3 35.3 0.00106893
35.4 35.4 0.00098875
35.5 35.5 0.000908101
35.6 35.6 0.000828117
35.7 35.7 0.000749826
35.8 35.8 0.000674126
35.9 35.9 0.000601775
36 36 0.000533385
36.1 36.1 0.000469419
36.2 36.2 0.0004102
36.3 36.3 0.000355913
36.4 36.4 0.000306625
36.5 36.5 0.000262292
36.6 36.6 0.000222781
36.7 36.7 0.000187882
36.8 36.8 0.000157329
36.9 36.9 0.000130811
37 37 0.000107993
37.1 37.1 8.85238e-05
37.2 37.2 7.20507e-05
37.3 37.3 5.82276e-05
37.4 37.4 4.67232e-05
37.5 37.5 3.7226e-05
37.6 37.6 2.94491e-05
37.7 37.7 2.31317e-05
37.8 37.8 1.80406e-05
37.9 37.9 1.39701e-05
38 38 1.07413e-05
38.1 38.1 8.20002e-06
38.2 38.2 6.21549e-06
38.3 38.3 4.67774e-06
38.4 38.4 3.49537e-06
38.5 38.5 2.59326e-06
38.6 38.6 1.91024e-06
38.7 38.7 1.39707e-06
38.8 38.8 1.01445e-06
38.9 38.9 7.31343e-07
39 39 5.23461e-07
39.1 39.1 3.71976e-07
39.2 39.2 2.62424e-07
39.3 39.3 1.838e-07
39.4 39.4 1.27799e-07
39.5 39.5 8.82151e-08
39.6 39.6 6.04472e-08
39.7 39.7 4.11164e-08
39.8 39.8 2.77614e-08
39.9 39.9 1.86054e-08
40 40 1.23761e-08
40.1 40.1 8.17052e-09
40.2 40.2 5.35313e-09
40.3 40.3 3.48034e-09
40.4 40.4 2.24518e-09
40.5 40.5 1.43697e-09
40.6 40.6 9.12324e-10
40.7 40.7 5.745e-10
40.8 40.8 3.58744e-10
40.9 40.9 2.22092e-10
41 41 1.36274e-10
41.1 41.1 8.28465e-11
41.2 41.2 4.98806e-11
41.3 41.3 2.97272e-11
41.4 41.4 1.75248e-11
41.5 41.5 1.02106e-11
41.6 41.6 5.87314e-12
41.7 41.7 3.33016e-12
41.8 41.8 1.85766e-12
41.9 41.9 1.01661e-12
42 42 5.43582e-13
42.1 42.1 2.82227e-13
42.2 42.2 1.40852e-13
42.3 42.3 6.63573e-14
42.4 42.4 2.84227e-14
42.5 42.5 1.00059e-14
42.6 42.6 1.70041e-15
42.7 42.7 -1.57449e-15
42.8 42.8 -2.49059e-15
42.9 42.9 -2.4046e-15
43 43 -1.97247e-15
43.1 43.1 -1.48812e-15
43.2 43.2 -1.06593e-15
43.3 43.3 -7.36609e-16
43.4 43.4 -4.95638e-16
43.5 43.5 -3.2661e-16
43.6 43.6 -2.11604e-16
43.7 43.7 -1.35156e-16
43.8 43.8 -8.52776e-17
43.9 43.9 -5.32324e-17
44 44 -3.29125e-17
44.1 44.1 -2.01737e-17
44.2 44.2 -1.22677e-17
44.3 44.3 -7.40537e-18
44.4 44.4 -4.43959e-18
44.5 44.5 -2.64436e-18
44.6 44.6 -1.56537e-18
44.7 44.7 -9.21194e-19
44.8 44.8 -5.39032e-19
44.9 44.9 -3.13681e-19
45 45 -1.81568e-19
45.1 45.1 -1.04549e-19
45.2 45.2 -5.98938e-20
45.3 45.3 -3.41399e-20
45.4 45.4 -1.93643e-20
45.5 45.5 -1.09307e-20
45.6 45.6 -6.14192e-21
45.7 45.7 -3.43741e-21
45.8 45.8 -1.91974e-21
45.9 45.9 -1.07618e-21
46 46 -6.16642e-22
46.1 46.1 -3.80093e-22
46.2 46.2 -2.81608e-22
46.3 46.3 -2.83731e-22
46.4 46.4 -3.83197e-22
46.5 46.5 -6.08647e-22
46.6 46.6 -1.02829e-21
46.7 46.7 -1.76938e-21
46.8 46.8 -3.05478e-21
46.9 46.9 -5.26638e-21
47 47 -9.05262e-21
47.1 47.1 -1.55085e-20
47.2 47.2 -2.64748e-20
47.3 47.3 -4.5035e-20
47.4 47.4 -7.63331e-20
47.5 47.5 -1.2892e-19
47.6 47.6 -2.16956e-19
47.7 47.7 -3.63803e-19
47.8 47.8 -6.07861e-19
47.9 47.9 -1.01202e-18
48 48 -1.67886e-18
48.1 48.1 -2.77513e-18
48.2 48.2 -4.57085e-18
48.3 48.3 -7.50161e-18
48.4 48.4 -1.22675e-17
48.5 48.5 -1.99895e-17
48.6 48.6 -3.24557e-17
48.7 48.7 -5.2508e-17
48.8 48.8 -8.46453e-17
48.9 48.9 -1.35964e-16
49 49 -2.17617e-16
49.1 49.1 -3.47059e-16
49.2 49.2 -5.51519e-16
49.3 49.3 -8.73297e-16
49.4 49.4 -1.37787e-15
49.5 49.5 -2.16622e-15
49.6 49.6 -3.39345e-15
49.7 49.7 -5.29697e-15
49.8 49.8 -8.23875e-15
49.9 49.9 -1.27686e-14
50 50 -1.97185e-14
50.1 50.1 -3.03428e-14
50.2 50.2 -4.65253e-14
50.3 50.3 -7.10845e-14
50.4 50.4 -1.08222e-13
50.5 50.5 -1.64177e-13
50.6 50.6 -2.48182e-13
50.7 50.7 -3.73842e-13
50.8 50.8 -5.6114e-13
50.9 50.9 -8.39313e-13
51 51 -1.25098e-12
51.1 51.1 -1.85803e-12
51.2 51.2 -2.75005e-12
51.3 51.3 -4.05618e-12
51.4 51.4 -5.96202e-12
51.5 51.5 -8.73324e-12
51.6 51.6 -1.27489e-11
51.7 51.7 -1.85481e-11
51.8 51.8 -2.68947e-11
51.9 51.9 -3.88675e-11
52 52 -5.59859e-11
52.1 52.1 -8.03819e-11
52.2 52.2 -1.15039e-10
52.3 52.3 -1.64122e-10
52.4 52.4 -2.33422e-10
52.5 52.5 -3.30979e-10
52.6 52.6 -4.67921e-10
52.7 52.7 -6.59616e-10
52.8 52.8 -9.27237e-10
52.9 52.9 -1.2999e-09
53 53 -1.81757e-09
53.1 53.1 -2.53499e-09
53.2 53.2 -3.52704e-09
53.3 53.3 -4.89603e-09
53.4 53.4 -6.78149e-09
53.5 53.5 -9.37354e-09
53.6 53.6 -1.2931e-08
53.7 53.7 -1.78056e-08
53.8 53.8 -2.44755e-08
53.9 53.9 -3.35892e-08
54 54 -4.60262e-08
54.1 54.1 -6.29779e-08
54.2 54.2 -8.6056e-08
54.3 54.3 -1.17439e-07
54.4 54.4 -1.60066e-07
54.5 54.5 -2.179e-07
54.6 54.6 -2.9627e-07
54.7 54.7 -4.02332e-07
54.8 54.8 -5.45674e-07
54.9 54.9 -7.39113e-07
55 55 -9.99733e-07
55.1 55.1 -1.35024e-06
55.2 55.2 -1.82074e-06
55.3 55.3 -2.45095e-06
55.4 55.4 -3.29316e-06
55.5 55.5 -4.4159e-06
55.6 55.6 -5.9086e-06
55.7 55.7 -7.8875e-06
55.8 55.8 -1.05029e-05
55.9 55.9 -1.39485e-05
56 56 -1.84722e-05
56.1 56.1 -2.43901e-05
56.2 56.2 -3.21029e-05
56.3 56.3 -4.21156e-05
56.4 56.4 -5.50614e-05
56.5 56.5 -7.17293e-05
56.6 56.6 -9.30966e-05
56.7 56.6 -7.75826e-05
56.8 56.6 -8.05166e-05
56.9 56.6 -8.34448e-05
57 56.7 -0.000133803
57.1 56.8 -0.000171435
57.2 56.9 -0.000218726
57.3 57 -0.000277864
57.4 57.1 -0.000351445
57.5 57.2 -0.000442528
57.6 57.3 -0.000554692
57.7 57.3 -0.000462821
57.8 57.3 -0.000472219
57.9 57.3 -0.000481063
58 57.4 -0.000729726
58.1 57.5 -0.000900699
58.2 57.6 -0.0011064
58.3 57.7 -0.0013525
58.4 57.8 -0.00164528
58.5 57.9 -0.00199161
58.6 58 -0.00239891
58.7 58.1 -0.00287514
58.8 58.2 -0.00342869
58.9 58.3 -0.00406825
59 58.4 -0.00480276
59.1 58.5 -0.00564115
59.2 58.6 -0.0065922
59.3 58.7 -0.0076643
59.4 58.8 -0.00886516
59.5 58.9 -0.0102016
59.6 59 -0.0116791
59.7 59.1 -0.0133017
59.8 59.2 -0.0150715
59.9 59.3 -0.0169885
60 59.4 -0.01905
60.1 59.5 -0.021251
60.2 59.6 -0.023583
60.3 59.7 -0.0260348
60.4 59.8 -0.0285919
60.5 59.9 -0.0312365
60.6 60 -0.0339477
60.7 60.1 -0.0367015
60.8 60.2 -0.0394715
60.9 60.3 -0.0422287
61 60.4 -0.0449421
61.1 60.5 -0.0475796
61.2 60.6 -0.0501082
61.3 60.7 -0.0524948
61.4 60.8 -0.054707
61.5 60.9 -0.0567137
61.6 61 -0.0584858
61.7 61.1 -0.0599972
61.8 61.2 -0.061225
61.9 61.3 -0.0621503
62 61.4 -0.0627588
62.1 61.5 -0.0630409
62.2 61.6 -0.0629923
62.3 61.7 -0.0626138
62.4 61.8 -0.0619112
62.5 61.9 -0.0608956
62.6 62 -0.0595827
62.7 62.1 -0.0579925
62.8 62.2 -0.056149
62.9 62.3 -0.0540793
63 62.4 -0.0518129
63.1 62.5 -0.0493814
63.2 62.6 -0.0468174
63.3 62.7 -0.044154
63.4 62.8 -0.0414238
63.5 62.9 -0.0386587
63.6 63 -0.0358889
63.7 63.1 -0.0331425
63.8 63.2 -0.0304454
63.9 63.3 -0.0278205
64 63.4 -0.0252877
64.1 63.5 -0.0228637
64.2 63.6 -0.0205622
64.3 63.7 -0.0183935
64.4 63.8 -0.016365
64.5 63.9 -0.0144812
64.6 64 -0.0127438
64.7 64.1 -0.0111525
64.8 64.2 -0.00970445
64.9 64.3 -0.00839546
65 64.4 -0.00721966
65.1 64.5 -0.00617011
65.2 64.6 -0.00523902
65.3 64.7 -0.00441802
65.4 64.8 -0.00369843
65.5 64.9 -0.00307143
65.6 65 -0.00252832
65.7 65.1 -0.0020606
65.8 65.2 -0.00166015
65.9 65.3 -0.00131927
66 65.4 -0.00103082
66.1 65.5 -0.000788181
66.2 65.6 -0.000585334
66.3 65.7 -0.000416838
66.4 65.8 -0.000277827
66.5 65.9 -0.000163984
66.6 66 -7.15073e-05
66.7 66.1 2.92452e-06
66.8 66.2 6.21975e-05
66.9 66.3 0.000108807
67 66.4 0.000144906
67.1 66.5 0.00017235
67.2 66.6 0.000192748
67.3 66.7 0.000207511
67.4 66.8 0.000217906
67.5 66.9 0.000225106
67.6 67 0.00023026
67.7 67.1 0.000234558
67.8 67.2 0.000239325
67.9 67.3 0.000246124
68 67.4 0.000256895
68.1 67.5 0.000274132
68.2 67.6 0.000301106
68.3 67.7 0.00034216
68.4 67.8 0.000403079
68.5 67.9 0.000491568
68.6 68 0.00061786
68.7 68.1 0.000795474
68.8 68.2 0.00104216
68.9 68.3 0.00138108
69 68.4 0.0018422
69.1 68.5 0.00246407
69.2 68.6 0.00329577
69.3 68.7 0.00439944
69.4 68.8 0.00585296
69.5 68.9 0.0077532
69.6 69 0.0102196
69.7 69.1 0.013398
69.8 69.2 0.0174653
69.9 69.3 0.0226335
70 69.4 0.0291545
70.1 69.5 0.0373249
70.2 69.6 0.0474901
70.3 69.7 0.0600484
70.4 69.8 0.0754535
70.5 69.9 0.0942169
70.6 70 0.116908
70.7 70 0.0932618
70.8 70 0.0925945
70.9 70 0.0918043
71 70 0.0908944
71.1 70 0.0898685
71.2 70 0.0887308
71.3 70 0.0874857
71.4 70 0.0861383
71.5 70 0.0846939
71.6 70 0.083158
71.7 70 0.0815366
71.8 70 0.0798358
71.9 70.1 0.121005
72 70.2 0.146027
72.1 70.3 0.175114

BOOOOOOOM
72.2 70.3 0.138741
72.3 70.3 0.134954
72.4 70.3 0.131088
72.5 70.3 0.127155
72.6 70.3 0.12317
72.7 70.3 0.119143
72.8 70.3 0.115088
72.9 70.3 0.111016
73 70.3 0.10694
73.1 70.3 0.10287
73.2 70.3 0.0988176
73.3 70.3 0.0947929
73.4 70.3 0.0908058
73.5 70.3 0.0868656
73.6 70.3 0.0829809
73.7 70.4 0.119497
73.8 70.5 0.138837
73.9 70.6 0.160294
74 70.6 0.125561
74.1 70.6 0.119158
74.2 70.6 0.112924
74.3 70.6 0.106868
74.4 70.6 0.100995
74.5 70.6 0.0953133
74.6 70.6 0.0898258
74.7 70.6 0.0845367
74.8 70.6 0.0794483
74.9 70.7 0.109451
75 70.8 0.123365
75.1 70.9 0.138173
75.2 70.9 0.107986
75.3 70.9 0.10082
75.4 70.9 0.0939987
75.5 71 0.124728
75.6 71 0.10475
75.7 71 0.0974038
75.8 71 0.0904469
75.9 71.1 0.118388
76 71.2 0.129286
76.1 71.2 0.101424
76.2 71.2 0.0936805
76.3 71.2 0.0864083
76.4 71.3 0.110179
76.5 71.4 0.118359
76.6 71.5 0.126345
76.7 71.6 0.134019
76.8 71.7 0.141262
76.9 71.8 0.147958
77 71.9 0.153994
77.1 72 0.159265
77.2 72 0.12821
77.3 72 0.116742
77.4 72 0.106151
77.5 72.1 0.123145
77.6 72.2 0.125281
77.7 72.3 0.126652
77.8 72.4 0.127229
77.9 72.5 0.127002
78 72.6 0.125977
78.1 72.7 0.124171
78.2 72.8 0.121619
78.3 72.9 0.118368
78.4 73 0.114477
78.5 73.1 0.110016
78.6 73.2 0.105062
78.7 73.3 0.0996972
78.8 73.4 0.09401
78.9 73.5 0.0880879
79 73.6 0.0820183
79.1 73.7 0.075885
79.2 73.8 0.0697675
79.3 73.9 0.0637386
79.4 74 0.0578632
79.5 74.1 0.0521981
79.6 74.2 0.0467905
79.7 74.3 0.0416786
79.8 74.4 0.0368909
79.9 74.5 0.0324472
80 74.6 0.0283588
80.1 74.7 0.0246291
80.2 74.8 0.021255
80.3 74.9 0.0182275
80.4 75 0.0155325
80.5 75.1 0.0131526
80.6 75.2 0.011067
80.7 75.3 0.00925337
80.8 75.4 0.00768816
80.9 75.5 0.0063474
81 75.6 0.00551476
81.1 75.7 0.00451859
81.2 75.8 0.00367901
81.3 75.9 0.00297653
81.4 76 0.00239299
81.5 76.1 0.00191172
81.6 76.2 0.0015176
81.7 76.3 0.00119714
81.8 76.4 0.000938385
81.9 76.5 0.00073092
82 76.6 0.000565732
82.1 76.7 0.000435113
82.2 76.8 0.000332542
82.3 76.9 0.000252546
82.4 77 0.000190585
82.5 77.1 0.000142918
82.6 77.2 0.000106497
82.7 77.3 7.88565e-05
82.8 77.4 5.80217e-05
82.9 77.5 4.24224e-05
83 77.6 3.08213e-05
83.1 77.7 2.22515e-05
83.2 77.8 1.59631e-05
83.3 77.9 1.13796e-05
83.4 78 8.06104e-06
83.5 78.1 5.67421e-06
83.6 78.2 3.9689e-06
83.7 78.3 2.75859e-06
83.8 78.4 1.90527e-06
83.9 78.5 1.3076e-06
84 78.6 8.91761e-07
84.1 78.7 6.04327e-07
84.2 78.8 4.06955e-07
84.3 78.9 2.72316e-07
84.4 79 1.81072e-07
84.5 79.1 1.19641e-07
84.6 79.2 7.85529e-08
84.7 79.3 5.12501e-08
84.8 79.4 3.32261e-08
84.9 79.5 2.1405e-08
85 79.6 1.37026e-08
85.1 79.7 8.71649e-09
85.2 79.8 5.50975e-09
85.3 79.9 3.46078e-09
85.4 80 2.16007e-09
85.5 80.1 1.33972e-09
85.6 80.2 8.25677e-10
85.7 80.3 5.0566e-10
85.8 80.4 3.07722e-10
85.9 80.5 1.86085e-10
86 80.6 1.11818e-10
86.1 80.7 6.6768e-11
86.2 80.8 3.96164e-11
86.3 80.9 2.33578e-11
86.4 81 1.36849e-11
86.5 81.1 7.96715e-12
86.6 81.2 4.60909e-12
86.7 81.3 2.6496e-12
86.8 81.4 1.51355e-12
86.9 81.5 8.59137e-13
87 81.6 4.84598e-13
87.1 81.7 2.71614e-13
87.2 81.8 1.51277e-13
87.3 81.9 8.37235e-14
87.4 82 4.60439e-14
87.5 82.1 2.51622e-14
87.6 82.2 1.3664e-14
87.7 82.3 7.37322e-15
87.8 82.4 3.95356e-15
87.9 82.5 2.10655e-15
88 82.6 1.11534e-15
88.1 82.7 5.86803e-16
88.2 82.8 3.06782e-16
88.3 82.9 1.59375e-16
88.4 83 8.22735e-17
88.5 83.1 4.22039e-17
88.6 83.2 2.15128e-17
88.7 83.3 1.08966e-17
88.8 83.4 5.48452e-18
88.9 83.5 2.74307e-18
89 83.6 1.36329e-18
89.1 83.7 6.7327e-19
89.2 83.8 3.30402e-19
89.3 83.9 1.61119e-19
89.4 84 7.80736e-20
89.5 84.1 3.75934e-20
89.6 84.2 1.79875e-20
89.7 84.3 8.5523e-21
89.8 84.4 4.0406e-21
89.9 84.5 1.89697e-21
90 84.6 8.84965e-22
90.1 84.7 4.10245e-22
90.1 84.8 3.15491e-22
90.1 84.9 1.86911e-22
90.1 85 1.10161e-22
90.1 85.1 6.45906e-23
90.1 85.2 3.76751e-23
90.1 85.3 2.18618e-23
90.1 85.4 1.26201e-23
90.1 85.5 7.24743e-24
90.1 85.6 4.14049e-24
90.1 85.7 2.35323e-24
90.1 85.8 1.33053e-24
90.1 85.9 7.48389e-25
90.1 86 4.18771e-25
90.1 86.1 2.33116e-25
90.1 86.2 1.29096e-25
90.1 86.3 7.11213e-26
90.1 86.4 3.89791e-26
90.1 86.5 2.12524e-26
90.1 86.6 1.15274e-26
90.1 86.7 6.22015e-27
90.1 86.8 3.33899e-27
90.1 86.9 1.78309e-27
90.1 87 9.47283e-28
90.1 87.1 5.00646e-28
90.1 87.2 2.63225e-28
90.1 87.3 1.37679e-28
90.1 87.4 7.16401e-29
90.1 87.5 3.70842e-29
90.1 87.6 1.90971e-29
90.1 87.7 9.78345e-30
90.1 87.8 4.98611e-30
90.1 87.9 2.528e-30
90.1 88 1.27508e-30
90.1 88.1 6.39799e-31
90.1 88.2 3.19371e-31
90.1 88.3 1.58596e-31
90.1 88.4 7.83495e-32
90.1 88.5 3.85057e-32
90.1 88.6 1.8826e-32
90.1 88.7 9.15669e-33
90.1 88.8 4.43061e-33
90.1 88.9 2.13272e-33
90.1 89 1.02129e-33
90.1 89.1 4.86533e-34
90.1 89.2 2.30579e-34
90.1 89.3 1.08711e-34
90.1 89.4 5.09884e-35
90.1 89.5 2.37911e-35
90.1 89.6 1.10435e-35
90.1 89.7 5.09965e-36
90.1 89.8 2.34272e-36
90.1 89.9 1.07065e-36
90.1 90 4.86765e-37
90.1 90.1 2.20159e-37